BST:
sizes: 1000 2000 3000 4000 5000 6000 7000 8000 9000 10000 
Insertion:0.0240281 0.12259 0.174356 0.161667 0.284962 0.312872 0.345007 0.637963 0.480446 0.690117 
Searching:0.0226189 0.06815 0.0934805 0.0936961 0.170911 0.177953 0.209838 0.338658 0.3107 0.583375 
Deletion:0.024463 0.0703374 0.132871 0.128285 0.273066 0.325181 0.291712 0.547992 0.357637 0.97189 

sizes: 1000 2000 3000 4000 5000 6000 7000 8000 9000 10000 
Insertion:0.0240281 0.12259 0.174356 0.161667 0.284962 0.312872 0.345007 0.637963 0.480446 0.690117 
Searching:0.0226189 0.06815 0.0934805 0.0936961 0.170911 0.177953 0.209838 0.338658 0.3107 0.583375 
Deletion:0.024463 0.0703374 0.132871 0.128285 0.273066 0.325181 0.291712 0.547992 0.357637 0.97189 
RBT:

sizes: 1000 2000 3000 4000 5000 6000 7000 8000 9000 10000 

Worst Cases:
Insertion: 0.0251358 0.0581211 0.0806751 0.0765894 0.138071 0.12591 0.17787 0.181594 0.253271 0.183502 
Best Cases:
Insertion: 0.0260341 0.070632 0.0890308 0.155818 0.153481 0.280305 0.290969 0.365399 0.410985 0.476496 
Worst Cases:
Searching: 0.0124843 0.0215078 0.0321927 0.0284535 0.0462445 0.0650407 0.0657798 0.0618754 0.0938683 0.066061 
Best Cases:
Searching: 0.0231615 0.0550865 0.0768217 0.173485 0.176183 0.287658 0.328064 0.44578 0.485586 0.549235 
Worst Cases:
Deletion: 0.0184385 0.0289308 0.0472109 0.0407303 0.0649886 0.0919572 0.103494 0.0965236 0.125619 0.0931578 
Best Cases:
Deletion: 0.0229872 0.0690216 0.123986 0.18136 0.171356 0.277881 0.312961 0.402758 0.468922 0.532362 
